[ 0.1200714   0.00350561  0.1141858   0.3423792   0.1607075   0.0717778
 -0.08763681 -0.06536932 -0.00680288 -0.03225397  0.06464923 -0.07921486
  0.12442084 -0.2121132  -0.05314479 -0.03587113  0.03263432 -0.18503414
 -0.34924552 -0.11167036 -0.08099101 -0.08365668  0.38507873 -0.25173828
 -0.00872562  0.193435   -0.13957274  0.1262012   0.01148983  0.22999308
  0.34677193  0.14039691  0.07725588 -0.33107275 -0.13541473 -0.20440003
  0.01661672  0.14822067 -0.03838728 -0.12675814  0.3350115  -0.24674892
 -0.13112843  0.1073098   0.01706024 -0.05101402 -0.02795563 -0.16683559
 -0.00886311 -0.03396909  0.05065484 -0.00098432  0.00110295 -0.02446012
 -0.01757536 -0.05062644 -0.05317289  0.23160563  0.24987446 -0.01304546
  0.2504714   0.46660095 -0.08527253  0.08692625]
